          24
          43
          55
         112
         120
         121
         166
         276
         334
         484
         485
         500
         582
         586
         607
         615
         619
         620
         623
         624
         625
         626
         628
         629
         631
         633
         637
         638
         639
         640
         641
         644
         646
         652
         653
         654
         655
         656
         657
         658
         659
         660
         661
         663
         665
         668
         672
         674
         679
         684
         686
         687
         692
         693
         699
         702
         705
         721
         729
         730
         732
         739
         740
         742
         745
         746
         748
         749
         750
         751
         754
         773
         774
         775
         776
         777
         778
         779
         782
         783
         784
         790
         791
         792
         794
         795
         798
         800
         801
         802
         803
         805
         806
         807
         812
         814
         815
         818
         819
         820
         822
         823
         824
         825
         826
         828
         829
         830
         831
         834
         836
         837
         839
         841
         843
         844
         848
         849
         850
         852
         853
         854
         856
         857
         858
         859
         860
         862
         863
         864
         865
         867
         870
         871
         874
         876
         880
         881
         886
         887
         888
         892
         893
         895
         897
         901
         905
         908
         909
         911
         913
         914
         915
         917
         922
         923
         924
         934
         938
         956
         958
         966
         977